0433445567
0128797157
0487734198
0499257156
0295460566
0460793265
0216396877
03103072182
0287271949
0123438427
0191551298
0267958545
0177882579
0353091387
0132605850
0362314182
0280033387
0360158641
0176020267
0110338606
0258922934
0113759292
0123970895
0382864722
0474242992
0158331226
0195764096
0246158151
0384968823
0422866561
0182939334
0263995496
0176693181
0414849888
0291247477
01108456379
0288029330
04101134821
0161531000
0390677577
0416177772
0386351485
0436414323
0286476509
02107386639
0127729032
0321026825
0246544361
0262711219
0466930864
