percep : 18 30 54 14 46 22 138 4 153 18 147 37 137 23 61 33 107 26 128 26 83 24 16 50 23 77 20 53 23 46 20 43 27 45 33 39 48 35 56 33 49 27 32 35 26 39 43 27 147 140 65 158 33 146 41 143 41 132 47 124 33 46 125 29 139 101 161 41 179 53 43 123 37 132 38 142 26 138 18 138 15 127 3 137 13 69 9 61 5 81 91 113 96 113 94 117 90 94 90 102 189 112 91 121 99 125 123 127 134 123 184 215 28 144 31 157 43 165 134 248 120 178 136 172 130 170 127 160 133 156 117 157 115 151 149 145 167 238 150 242 150 254 170 240 153 244 111 154 130 246 67 258 49 166 119 168 126 173 20 173 14 175 25 252 20 178 22 189 28 182 8 223 186 237 186 244 109 255 105 258 101 256 13 2 2 14 23 2 23 34 54 2 109 2 56 27 155 147 72 27 137 96 136 49 170 217 12 54 2 61 73 67 194 108 191 129 114 128 21 144 17 167 146 259 13 154 2 159 30 259 44 259 2 202 2 227 160 251 177 249 82 259
odom : 52 -49
percep : 55 28 63 16 59 9 57 3 66 2 68 11 73 24 93 70 87 79 88 89 76 85 68 85 65 74 48 87 96 71 91 79 91 90 83 94 115 105 189 48 141 60 146 60 144 64 46 43 38 46 140 41 140 49 20 44 30 48 37 74 26 80 141 68 149 72 173 74 184 70 23 85 78 91 81 104 93 112 114 208 151 203 155 205 178 197 184 214 66 111 35 108 184 195 170 125 186 119 180 117 177 107 183 103 167 104 165 98 48 100 161 101 180 193 116 205 99 113 7 110 7 149 169 115 176 120 46 119 28 125 70 120 64 122 75 199 80 224 81 231 70 125 72 136 78 129 99 229 112 227 126 228 127 221 138 227 143 221 166 218 31 148 32 153 58 170 9 157 5 163 77 228 45 196 186 210 69 213 53 214 27 216 29 233 61 223 69 229 73 241 185 225 127 237 143 235 163 245 164 255 161 246 50 2 2 38 80 2 42 79 194 88 181 2 187 43 194 52 123 14 49 33 2 47 19 49 164 75 2 87 2 94 28 86 2 100 194 213 71 91 46 92 27 96 63 101 54 96 2 109 8 143 47 124 47 146 152 228 36 146 54 149 27 177 22 204 67 185 58 199 13 217 189 217 191 223 113 233 101 259
odom : 10 -77
percep : 130 20 142 2 148 16 168 62 162 71 163 81 151 77 143 77 140 66 123 79 171 63 166 71 166 82 158 86 192 96 152 64 121 35 113 38 95 36 105 40 112 66 101 72 67 60 66 61 69 72 98 77 62 89 66 98 49 96 57 104 153 83 156 96 168 104 189 200 110 100 138 98 123 92 54 162 54 169 45 168 41 153 29 140 45 92 191 197 174 105 48 112 40 107 43 102 53 106 82 102 82 141 103 117 145 112 139 114 156 223 145 117 147 128 153 121 174 221 187 219 106 140 107 145 133 162 13 150 84 149 80 155 49 213 49 229 36 231 21 176 6 184 152 220 120 188 8 206 8 198 18 199 18 195 25 190 30 231 25 214 10 216 144 205 128 206 102 208 104 225 136 215 144 221 148 233 18 231 9 231 48 242 159 253 161 259 2 5 19 2 31 2 14 7 127 2 2 46 156 2 117 71 133 8 124 25 2 54 94 41 37 50 80 42 66 46 2 95 103 78 146 83 142 106 121 84 102 88 129 88 48 162 2 101 83 135 122 116 122 138 194 223 111 138 129 141 102 169 2 155 8 146 97 196 76 159 33 217 142 177 133 191 27 196 40 187 25 202 2 227 88 209 188 225 177 249 53 236 51 251
odom : -35 -78
percep : 7 5 37 20 44 20 63 35 77 31 82 31 82 20 79 11 107 26 90 29 110 24 7 15 10 33 15 43 29 91 18 51 175 26 151 29 193 20 48 37 41 28 147 33 6 49 110 41 90 45 28 58 11 85 10 92 137 141 129 133 146 135 142 126 178 114 76 131 69 95 175 73 4 87 3 75 185 77 192 104 181 109 147 97 23 101 73 96 91 94 86 97 93 102 97 94 146 98 149 109 87 111 96 108 101 110 57 110 27 109 134 199 134 206 125 205 121 190 109 177 125 129 73 138 66 111 50 125 51 132 17 140 9 143 15 147 61 138 69 149 65 151 83 232 120 144 123 139 133 143 162 139 162 178 79 234 32 245 193 145 184 154 186 177 187 182 79 185 80 192 93 187 164 186 160 192 56 199 129 250 101 213 86 221 88 243 88 235 98 236 98 232 105 227 76 243 182 245 180 256 23 248 2 253 90 253 105 251 23 2 33 2 40 2 48 2 54 35 55 2 62 2 69 2 77 2 102 2 88 14 6 10 40 39 175 13 194 60 194 13 23 55 140 30 5 38 16 58 22 87 174 78 117 87 160 79 146 83 83 128 81 98 92 115 58 116 24 116 128 199 65 121 183 115 85 227 182 125 194 135 131 148 163 172 2 154 194 153 191 175 194 183 88 183 177 233 66 210 68 193 156 196 128 259 107 233 120 224 105 239 110 259 56 251 168 246 86 259
odom : -95 -33
percep : 128 69 134 72 155 28 194 19 98 22 79 26 84 25 86 36 65 29 70 28 72 37 51 38 55 31 27 53 27 45 31 57 123 60 102 45 105 63 16 52 63 72 54 55 12 74 183 63 150 67 162 61 187 57 191 78 152 88 147 61 27 67 30 84 129 81 36 100 139 119 136 121 119 124 111 92 114 106 108 107 106 126 111 126 111 115 114 112 92 130 73 115 66 115 36 110 39 128 44 138 5 154 47 146 58 186 77 132 180 124 33 131 22 124 176 128 35 143 27 145 139 136 119 140 40 180 39 187 33 183 33 170 105 226 98 190 176 192 52 196 102 191 120 189 115 192 122 197 126 189 175 193 178 204 116 206 125 203 130 205 86 205 56 204 154 224 102 233 95 206 79 220 80 227 46 235 38 238 44 242 90 233 98 244 94 246 166 236 158 228 175 230 171 221 149 239 152 234 162 238 191 234 2 23 110 2 148 2 191 2 118 33 80 39 66 43 53 46 119 39 111 64 81 49 89 82 88 49 96 82 75 50 81 85 2 52 31 122 68 52 75 86 60 53 11 55 186 75 33 95 105 89 96 91 90 92 83 94 76 95 83 130 69 96 62 97 35 105 69 134 2 107 194 109 194 161 52 150 169 125 35 163 2 189 194 210 194 169 2 174 12 185 146 182 189 174 175 178 112 223 110 193 121 210 87 211 53 211 141 259 94 216 98 259 194 216 194 223 160 243 190 259 2 255
odom : -104 64
percep : 109 45 38 57 55 49 51 40 132 59 187 48 148 9 47 10 57 40 66 43 60 12 27 14 30 10 149 15 55 22 57 27 61 36 7 35 6 46 38 79 172 69 167 72 47 91 51 94 63 179 69 182 140 82 150 90 172 89 123 88 127 99 127 104 118 98 84 100 121 92 129 129 92 135 75 96 80 99 81 96 95 92 155 128 162 128 163 146 155 96 90 138 132 131 33 132 32 147 14 136 19 135 190 150 177 151 58 170 37 155 40 173 35 174 190 159 183 181 163 196 118 173 85 177 97 171 122 167 126 188 87 198 82 171 193 181 188 203 187 211 64 191 161 212 74 229 71 231 54 234 49 216 43 217 41 236 46 236 46 225 49 222 27 240 8 225 164 219 115 234 193 227 12 242 192 258 189 234 191 229 6 231 4 234 4 244 179 231 178 243 182 250 111 238 74 246 54 250 88 2 101 2 120 2 179 2 147 2 125 14 162 52 2 20 39 12 157 54 39 51 34 50 2 86 171 57 41 62 48 99 13 79 150 153 165 96 188 94 180 85 107 91 124 127 86 106 194 96 46 110 2 120 53 143 15 149 22 149 156 135 2 156 54 149 46 174 151 159 16 159 24 192 23 159 31 192 10 160 16 195 3 162 10 196 121 185 194 172 194 216 2 204 157 186 143 217 46 198 40 199 31 201 25 202 18 204 11 205 18 240 2 226 2 251 170 223 167 229 174 259 104 235 8 259
odom : 39 105
percep : 31 22 86 11 4 27 88 20 71 32 66 35 171 38 146 45 190 39 127 43 138 39 50 115 39 45 49 53 54 59 128 50 117 52 83 56 71 52 22 51 26 62 26 67 20 55 28 92 54 91 61 91 62 109 17 61 30 94 184 104 127 110 89 113 76 114 89 121 85 141 82 144 62 159 19 117 23 125 135 119 136 127 174 123 178 123 188 122 183 130 181 137 86 174 87 166 92 144 100 124 29 154 178 154 21 130 25 151 114 166 122 158 131 133 17 136 60 175 129 177 175 170 151 168 91 221 88 197 91 190 88 187 95 189 101 183 116 179 124 177 117 171 100 179 94 183 111 171 100 191 63 182 14 197 73 225 78 194 77 206 81 213 162 257 64 240 56 243 158 238 158 246 38 241 48 245 27 2 85 2 2 15 72 25 70 20 193 33 133 48 104 47 64 59 194 46 79 48 6 54 2 96 2 63 23 90 55 98 111 115 50 122 91 178 194 162 2 131 2 155 137 132 2 139 20 148 56 149 42 180 21 155 124 171 194 169 140 171 113 259 2 188 69 186 66 192 2 239 141 211 94 259 67 230 58 259 2 247 43 259 52 259 23 247
odom : 101 78
percep : 168 12 167 18 19 7 6 8 190 7 193 15 190 28 191 45 19 15 65 13 66 21 104 17 108 17 118 16 113 24 111 31 16 68 17 60 22 38 30 18 146 29 44 60 52 52 61 27 151 56 145 75 135 61 59 71 105 64 126 64 81 62 14 88 21 115 18 91 21 84 18 81 25 83 31 77 46 73 54 71 47 65 30 73 24 77 41 65 145 178 63 196 31 184 39 181 39 170 45 162 31 84 123 67 137 139 159 79 177 91 41 161 35 170 36 180 24 176 16 176 13 165 4 165 11 107 7 99 89 151 94 151 92 155 25 163 88 132 88 140 192 146 187 150 89 159 97 163 121 165 132 161 182 253 26 182 29 195 41 203 118 216 134 210 128 208 125 198 131 194 115 195 113 189 147 183 47 204 109 192 11 197 117 206 124 211 18 211 12 213 18 216 20 227 26 220 62 6 99 2 175 2 184 8 41 9 2 51 21 72 67 26 194 70 54 65 153 185 70 65 135 134 192 78 194 102 134 87 168 255 2 178 10 92 71 105 191 132 189 167 112 166 53 259 19 182 15 205 127 259 162 259 2 200 15 259 35 259 2 240 6 259
